[
((0, 0, 0), (6.123233995736766e-17, 0.0, 1.0), 0.95),
((6.123233995736766e-17, 0.0, 1.0), (1.2246467991473532e-16, 0.0, 2.0), 0.95),
((1.2246467991473532e-16, 0.0, 2.0), (1.8369701987210297e-16, 0.0, 3.0), 0.9025),
((1.8369701987210297e-16, 0.0, 3.0), (2.4492935982947064e-16, 0.0, 4.0), 0.9025),
((2.4492935982947064e-16, 0.0, 4.0), (3.061616997868383e-16, 0.0, 5.0), 0.8573749999999999),
((3.061616997868383e-16, 0.0, 5.0), (3.67394039744206e-16, 0.0, 6.0), 0.8573749999999999),
((3.67394039744206e-16, 0.0, 6.0), (4.2862637970157366e-16, 0.0, 7.0), 0.8145062499999999),
((4.2862637970157366e-16, 0.0, 7.0), (4.898587196589413e-16, 0.0, 8.0), 0.8145062499999999),
]
