[
((0, 0, 0), (10, 0, 0), 1),
((10, 0, 0), (20, 0, 0), 1),
((20, 0, 0), (30, 0, 0), 0.95),
((30, 0, 0), (40, 0, 0), 0.95),
((40, 0, 0), (49.96194698091745, -0.8715574274765816, 0.0), 0.8573749999999999),
((49.96194698091745, -0.8715574274765816, 0.0), (59.92389396183491, -1.7431148549531632, 0.0), 0.8573749999999999),
((59.92389396183491, -1.7431148549531632, 0.0), (69.88584094275237, -2.614672282429745, 0.0), 0.8145062499999999),
((69.88584094275237, -2.614672282429745, 0.0), (79.84778792366983, -3.4862297099063264, 0.0), 0.8145062499999999),
((79.84778792366983, -3.4862297099063264, 0.0), (89.80973490458729, -4.357787137382908, 0.0), 0.7737809374999999),
((89.80973490458729, -4.357787137382908, 0.0), (99.77168188550475, -5.229344564859489, 0.0), 0.7737809374999999),
((99.77168188550475, -5.229344564859489, 0.0), (109.61975941562683, -6.965826341528793, 0.0), 0.6983372960937497),
((109.61975941562683, -6.965826341528793, 0.0), (119.46783694574891, -8.702308118198095, 0.0), 0.6983372960937497),
((119.46783694574891, -8.702308118198095, 0.0), (129.31591447587098, -10.438789894867398, 0.0), 0.6634204312890623),
((129.31591447587098, -10.438789894867398, 0.0), (139.16399200599307, -12.1752716715367, 0.0), 0.6634204312890623),
((139.16399200599307, -12.1752716715367, 0.0), (147.82424604383746, -7.175271671536699, 0.0), 0.3972143184582181),
((147.82424604383746, -7.175271671536699, 0.0), (156.48450008168186, -2.175271671536697, 0.0), 0.3972143184582181),
((156.48450008168186, -2.175271671536697, 0.0), (165.14475411952625, 2.824728328463305, 0.0), 0.37735360253530714),
((165.14475411952625, 2.824728328463305, 0.0), (169.47488113844844, 5.324728328463306, 0.0), 0.37735360253530714),
((169.47488113844844, 5.324728328463306, 0.0), (174.0064200736317, 7.437819637166804, 0.0), 0.34056162628811465),
((174.0064200736317, 7.437819637166804, 0.0), (178.53795900881494, 9.550910945870303, 0.0), 0.34056162628811465),
((178.53795900881494, 9.550910945870303, 0.0), (183.2364221127445, 11.261011662498648, 0.0), 0.30735686772502346),
((183.2364221127445, 11.261011662498648, 0.0), (187.93488521667405, 12.971112379126993, 0.0), 0.30735686772502346),
((187.93488521667405, 12.971112379126993, 0.0), (192.6333483206036, 14.681213095755338, 0.0), 0.2919890243387723),
((192.6333483206036, 14.681213095755338, 0.0), (197.33181142453316, 16.391313812383682, 0.0), 0.2919890243387723),
((197.33181142453316, 16.391313812383682, 0.0), (202.1614405559785, 17.685409037896285, 0.0), 0.263520094465742),
((202.1614405559785, 17.685409037896285, 0.0), (206.99106968742382, 18.97950426340889, 0.0), 0.263520094465742),
((206.99106968742382, 18.97950426340889, 0.0), (211.82069881886915, 20.273599488921498, 0.0), 0.25034408974245487),
((211.82069881886915, 20.273599488921498, 0.0), (216.65032795031448, 21.567694714434104, 0.0), 0.25034408974245487),
((216.65032795031448, 21.567694714434104, 0.0), (219.8642659987472, 25.397916930028995, 0.0), 0.15777921478822676),
((219.8642659987472, 25.397916930028995, 0.0), (223.0782040471799, 29.228139145623885, 0.0), 0.15777921478822676),
((223.0782040471799, 29.228139145623885, 0.0), (226.61373795311263, 32.76367305155662, 0.0), 0.14239574134637464),
((226.61373795311263, 32.76367305155662, 0.0), (230.14927185904537, 36.29920695748936, 0.0), 0.14239574134637464),
((230.14927185904537, 36.29920695748936, 0.0), (233.6848057649781, 39.8347408634221, 0.0), 0.1352759542790559),
((233.6848057649781, 39.8347408634221, 0.0), (237.22033967091085, 43.370274769354836, 0.0), 0.1352759542790559),
((237.22033967091085, 43.370274769354836, 0.0), (238.51443489642344, 48.19990390080018, 0.0), 0.08974483193085074),
((238.51443489642344, 48.19990390080018, 0.0), (239.80853012193603, 53.029533032245524, 0.0), 0.08974483193085074),
((239.80853012193603, 53.029533032245524, 0.0), (241.10262534744862, 57.85916216369087, 0.0), 0.0852575903343082),
((241.10262534744862, 57.85916216369087, 0.0), (242.39672057296121, 62.68879129513621, 0.0), 0.0852575903343082),
((237.22033967091085, 43.370274769354836, 0.0), (241.9188027748404, 45.08037548598318, 0.0), 0.08974483193085074),
((241.9188027748404, 45.08037548598318, 0.0), (246.61726587876996, 46.79047620261153, 0.0), 0.08974483193085074),
((246.61726587876996, 46.79047620261153, 0.0), (251.3157289826995, 48.500576919239876, 0.0), 0.0852575903343082),
((251.3157289826995, 48.500576919239876, 0.0), (256.01419208662907, 50.21067763586822, 0.0), 0.0852575903343082),
((237.22033967091085, 43.370274769354836, 0.0), (240.4246215811898, 46.57455667963378, 2.1130913087034986), 0.0852575903343082),
((240.4246215811898, 46.57455667963378, 2.1130913087034986), (243.62890349146875, 49.77883858991272, 4.226182617406997), 0.0852575903343082),
((243.62890349146875, 49.77883858991272, 4.226182617406997), (246.8331854017477, 52.98312050019167, 6.339273926110495), 0.08099471081759278),
((246.8331854017477, 52.98312050019167, 6.339273926110495), (250.03746731202665, 56.18740241047061, 8.452365234813994), 0.08099471081759278),
((237.22033967091085, 43.370274769354836, 0.0), (243.62890349146875, 49.77883858991272, -4.226182617406997), 0.08099471081759278),
((243.62890349146875, 49.77883858991272, -4.226182617406997), (250.03746731202665, 56.18740241047061, -8.452365234813994), 0.08099471081759278),
((250.03746731202665, 56.18740241047061, -8.452365234813994), (256.44603113258455, 62.5959662310285, -12.67854785222099), 0.07694497527671314),
((256.44603113258455, 62.5959662310285, -12.67854785222099), (262.85459495314245, 69.00453005158639, -16.90473046962799), 0.07694497527671314),
((216.65032795031448, 21.567694714434104, 0.0), (221.6313014407732, 21.131916000695814, 0.0), 0.15777921478822676),
((221.6313014407732, 21.131916000695814, 0.0), (226.61227493123192, 20.696137286957523, 0.0), 0.15777921478822676),
((226.61227493123192, 20.696137286957523, 0.0), (231.61227493123192, 20.696137286957523, 0.0), 0.14239574134637464),
((231.61227493123192, 20.696137286957523, 0.0), (236.61227493123192, 20.696137286957523, 0.0), 0.14239574134637464),
((236.61227493123192, 20.696137286957523, 0.0), (241.61227493123192, 20.696137286957523, 0.0), 0.1352759542790559),
((241.61227493123192, 20.696137286957523, 0.0), (246.61227493123192, 20.696137286957523, 0.0), 0.1352759542790559),
((246.61227493123192, 20.696137286957523, 0.0), (250.9424019501541, 23.196137286957523, 0.0), 0.08974483193085074),
((250.9424019501541, 23.196137286957523, 0.0), (255.2725289690763, 25.696137286957523, 0.0), 0.08974483193085074),
((255.2725289690763, 25.696137286957523, 0.0), (259.6026559879985, 28.196137286957523, 0.0), 0.0852575903343082),
((259.6026559879985, 28.196137286957523, 0.0), (263.9327830069207, 30.696137286957523, 0.0), 0.0852575903343082),
((246.61227493123192, 20.696137286957523, 0.0), (251.14381386641517, 18.583045978254024, 0.0), 0.08974483193085074),
((251.14381386641517, 18.583045978254024, 0.0), (255.67535280159842, 16.469954669550525, 0.0), 0.08974483193085074),
((255.67535280159842, 16.469954669550525, 0.0), (260.2068917367817, 14.356863360847028, 0.0), 0.0852575903343082),
((260.2068917367817, 14.356863360847028, 0.0), (264.738430671965, 12.24377205214353, 0.0), 0.0852575903343082),
((246.61227493123192, 20.696137286957523, 0.0), (251.14381386641517, 20.696137286957523, 2.113091308703498), 0.0852575903343082),
((251.14381386641517, 20.696137286957523, 2.113091308703498), (255.67535280159842, 20.696137286957523, 4.226182617406996), 0.0852575903343082),
((255.67535280159842, 20.696137286957523, 4.226182617406996), (260.2068917367817, 20.696137286957523, 6.3392739261104945), 0.08099471081759278),
((260.2068917367817, 20.696137286957523, 6.3392739261104945), (264.738430671965, 20.696137286957523, 8.452365234813993), 0.08099471081759278),
((246.61227493123192, 20.696137286957523, 0.0), (255.67535280159842, 20.696137286957523, -4.226182617406996), 0.08099471081759278),
((255.67535280159842, 20.696137286957523, -4.226182617406996), (264.7384306719649, 20.696137286957523, -8.452365234813993), 0.08099471081759278),
((264.7384306719649, 20.696137286957523, -8.452365234813993), (273.8015085423314, 20.696137286957523, -12.678547852220989), 0.07694497527671314),
((273.8015085423314, 20.696137286957523, -12.678547852220989), (282.8645864126979, 20.696137286957523, -16.904730469627985), 0.07694497527671314),
((216.65032795031448, 21.567694714434104, 0.0), (220.90858164851022, 23.11757231053133, 2.113091308703498), 0.14989025404881542),
((220.90858164851022, 23.11757231053133, 2.113091308703498), (225.16683534670597, 24.667449906628555, 4.226182617406996), 0.14989025404881542),
((225.16683534670597, 24.667449906628555, 4.226182617406996), (229.58194645450342, 26.274418930844906, 5.936283334035341), 0.1352759542790559),
((229.58194645450342, 26.274418930844906, 5.936283334035341), (233.99705756230088, 27.881387955061257, 7.646384050663686), 0.1352759542790559),
((233.99705756230088, 27.881387955061257, 7.646384050663686), (238.41216867009834, 29.488356979277608, 9.35648476729203), 0.1285121565651031),
((238.41216867009834, 29.488356979277608, 9.35648476729203), (242.8272797778958, 31.09532600349396, 11.066585483920376), 0.1285121565651031),
((242.8272797778958, 31.09532600349396, 11.066585483920376), (245.79582779946506, 34.83623355352478, 12.547576147550496), 0.0852575903343082),
((245.79582779946506, 34.83623355352478, 12.547576147550496), (248.76437582103432, 38.5771411035556, 14.028566811180616), 0.0852575903343082),
((248.76437582103432, 38.5771411035556, 14.028566811180616), (251.73292384260358, 42.318048653586416, 15.509557474810736), 0.08099471081759278),
((251.73292384260358, 42.318048653586416, 15.509557474810736), (254.70147186417285, 46.058956203617235, 16.990548138440854), 0.08099471081759278),
((242.8272797778958, 31.09532600349396, 11.066585483920376), (247.55144914778762, 30.56607823383241, 12.6164630800176), 0.0852575903343082),
((247.55144914778762, 30.56607823383241, 12.6164630800176), (252.27561851767945, 30.036830464170862, 14.166340676114825), 0.0852575903343082),
((252.27561851767945, 30.036830464170862, 14.166340676114825), (256.9997878875713, 29.507582694509313, 15.71621827221205), 0.08099471081759278),
((256.9997878875713, 29.507582694509313, 15.71621827221205), (261.72395725746316, 28.978334924847765, 17.266095868309275), 0.08099471081759278),
((242.8272797778958, 31.09532600349396, 11.066585483920376), (246.14959489983917, 32.30454981673384, 14.602119389853115), 0.08099471081759278),
((246.14959489983917, 32.30454981673384, 14.602119389853115), (249.47191002178255, 33.51377362997372, 18.137653295785853), 0.08099471081759278),
((249.47191002178255, 33.51377362997372, 18.137653295785853), (252.79422514372592, 34.7229974432136, 21.67318720171859), 0.07694497527671314),
((252.79422514372592, 34.7229974432136, 21.67318720171859), (256.1165402656693, 35.93222125645348, 25.20872110765133), 0.07694497527671314),
((242.8272797778958, 31.09532600349396, 11.066585483920376), (247.5078638112101, 32.79891927060201, 10.630806770182085), 0.07694497527671314),
((247.5078638112101, 32.79891927060201, 10.630806770182085), (252.18844784452438, 34.50251253771007, 10.195028056443794), 0.07694497527671314),
((252.18844784452438, 34.50251253771007, 10.195028056443794), (256.86903187783867, 36.20610580481812, 9.759249342705504), 0.07309772651287748),
((256.86903187783867, 36.20610580481812, 9.759249342705504), (261.54961591115296, 37.90969907192618, 9.323470628967213), 0.07309772651287748),
((216.65032795031448, 21.567694714434104, 0.0), (225.16683534670594, 24.667449906628555, -4.226182617406996), 0.14239574134637464),
((225.16683534670594, 24.667449906628555, -4.226182617406996), (233.6833427430974, 27.767205098823005, -8.452365234813993), 0.14239574134637464),
((233.6833427430974, 27.767205098823005, -8.452365234813993), (242.51356495869229, 30.981143147255708, -11.872566668070682), 0.1285121565651031),
((242.51356495869229, 30.981143147255708, -11.872566668070682), (251.34378717428717, 34.19508119568841, -15.292768101327372), 0.1285121565651031),
((251.34378717428717, 34.19508119568841, -15.292768101327372), (260.1740093898821, 37.40901924412111, -18.71296953458406), 0.12208654873684793),
((260.1740093898821, 37.40901924412111, -18.71296953458406), (269.004231605477, 40.622957292553814, -22.13317096784075), 0.12208654873684793),
((269.004231605477, 40.622957292553814, -22.13317096784075), (274.9413276486155, 48.10477239261546, -25.09515229510099), 0.08099471081759278),
((274.9413276486155, 48.10477239261546, -25.09515229510099), (280.87842369175405, 55.586587492677104, -28.05713362236123), 0.08099471081759278),
((280.87842369175405, 55.586587492677104, -28.05713362236123), (286.8155197348926, 63.06840259273875, -31.01911494962147), 0.07694497527671314),
((286.8155197348926, 63.06840259273875, -31.01911494962147), (292.7526157780311, 70.55021769280039, -33.98109627688171), 0.07694497527671314),
((269.004231605477, 40.622957292553814, -22.13317096784075), (278.45257034526065, 39.56446175323072, -25.2329261600352), 0.08099471081759278),
((278.45257034526065, 39.56446175323072, -25.2329261600352), (287.9009090850443, 38.50596621390762, -28.33268135222965), 0.08099471081759278),
((287.9009090850443, 38.50596621390762, -28.33268135222965), (297.34924782482796, 37.44747067458452, -31.4324365444241), 0.07694497527671314),
((297.34924782482796, 37.44747067458452, -31.4324365444241), (306.7975865646116, 36.388975135261425, -34.53219173661855), 0.07694497527671314),
((269.004231605477, 40.622957292553814, -22.13317096784075), (278.3653996721056, 44.030143826769915, -21.26161354036417), 0.07694497527671314),
((278.3653996721056, 44.030143826769915, -21.26161354036417), (287.72656773873416, 47.437330360986024, -20.39005611288759), 0.07694497527671314),
((287.72656773873416, 47.437330360986024, -20.39005611288759), (297.08773580536274, 50.84451689520213, -19.518498685411007), 0.07309772651287748),
((297.08773580536274, 50.84451689520213, -19.518498685411007), (306.4489038719913, 54.25170342941824, -18.646941257934426), 0.07309772651287748),
((269.004231605477, 40.622957292553814, -22.13317096784075), (275.64886184936375, 43.041404919033575, -29.20423877970623), 0.07309772651287748),
((275.64886184936375, 43.041404919033575, -29.20423877970623), (282.2934920932505, 45.459852545513336, -36.275306591571706), 0.07309772651287748),
((282.2934920932505, 45.459852545513336, -36.275306591571706), (288.93812233713726, 47.8783001719931, -43.34637440343718), 0.0694428401872336),
((288.93812233713726, 47.8783001719931, -43.34637440343718), (295.582752581024, 50.29674779847286, -50.41744221530266), 0.0694428401872336),
((139.16399200599307, -12.1752716715367, 0.0), (148.22706987635956, -16.401454288943697, 0.0), 0.3972143184582181),
((148.22706987635956, -16.401454288943697, 0.0), (157.29014774672606, -20.62763690635069, 0.0), 0.3972143184582181),
((157.29014774672606, -20.62763690635069, 0.0), (166.35322561709256, -24.853819523757686, 0.0), 0.37735360253530714),
((166.35322561709256, -24.853819523757686, 0.0), (175.41630348745906, -29.08000214116468, 0.0), 0.37735360253530714),
((175.41630348745906, -29.08000214116468, 0.0), (184.81322969531814, -32.50020357442137, 0.0), 0.34056162628811465),
((184.81322969531814, -32.50020357442137, 0.0), (194.21015590317722, -35.920405007678056, 0.0), 0.34056162628811465),
((194.21015590317722, -35.920405007678056, 0.0), (203.8694141660679, -38.50859545870326, 0.0), 0.30735686772502346),
((203.8694141660679, -38.50859545870326, 0.0), (213.5286724289586, -41.09678590972847, 0.0), 0.30735686772502346),
((213.5286724289586, -41.09678590972847, 0.0), (223.1879306918493, -43.68497636075367, 0.0), 0.2919890243387723),
((223.1879306918493, -43.68497636075367, 0.0), (232.84718895473998, -46.27316681177888, 0.0), 0.2919890243387723),
((232.84718895473998, -46.27316681177888, 0.0), (242.24411516259906, -49.693368245035565, 0.0), 0.263520094465742),
((242.24411516259906, -49.693368245035565, 0.0), (251.64104137045814, -53.11356967829225, 0.0), 0.263520094465742),
((251.64104137045814, -53.11356967829225, 0.0), (261.03796757831725, -56.53377111154894, 0.0), 0.25034408974245487),
((261.03796757831725, -56.53377111154894, 0.0), (270.43489378617636, -59.95397254480562, 0.0), 0.25034408974245487),
((270.43489378617636, -59.95397254480562, 0.0), (280.094152049067, -57.36578209378041, 0.0), 0.15777921478822676),
((280.094152049067, -57.36578209378041, 0.0), (289.75341031195774, -54.7775916427552, 0.0), 0.15777921478822676),
((289.75341031195774, -54.7775916427552, 0.0), (299.60148784207985, -53.04110986608589, 0.0), 0.14239574134637464),
((299.60148784207985, -53.04110986608589, 0.0), (309.44956537220196, -51.30462808941658, 0.0), 0.14239574134637464),
((309.44956537220196, -51.30462808941658, 0.0), (319.29764290232407, -49.568146312747274, 0.0), 0.1352759542790559),
((319.29764290232407, -49.568146312747274, 0.0), (329.1457204324462, -47.831664536077966, 0.0), 0.1352759542790559),
((329.1457204324462, -47.831664536077966, 0.0), (336.80616486363596, -41.40378843921257, 0.0), 0.08974483193085074),
((336.80616486363596, -41.40378843921257, 0.0), (344.46660929482573, -34.97591234234717, 0.0), 0.08974483193085074),
((344.46660929482573, -34.97591234234717, 0.0), (352.1270537260155, -28.548036245481775, 0.0), 0.0852575903343082),
((352.1270537260155, -28.548036245481775, 0.0), (359.7874981572053, -22.120160148616378, 0.0), 0.0852575903343082),
((329.1457204324462, -47.831664536077966, 0.0), (338.8049786953369, -50.41985498710317, 0.0), 0.08974483193085074),
((338.8049786953369, -50.41985498710317, 0.0), (348.4642369582276, -53.00804543812838, 0.0), 0.08974483193085074),
((348.4642369582276, -53.00804543812838, 0.0), (358.12349522111833, -55.59623588915358, 0.0), 0.0852575903343082),
((358.12349522111833, -55.59623588915358, 0.0), (367.78275348400905, -58.18442634017879, 0.0), 0.0852575903343082),
((329.1457204324462, -47.831664536077966, 0.0), (338.0711097853365, -46.25787757983534, 4.226182617406996), 0.0852575903343082),
((338.0711097853365, -46.25787757983534, 4.226182617406996), (346.9964991382268, -44.68409062359271, 8.452365234813993), 0.0852575903343082),
((346.9964991382268, -44.68409062359271, 8.452365234813993), (355.9218884911171, -43.11030366735008, 12.678547852220989), 0.08099471081759278),
((355.9218884911171, -43.11030366735008, 12.678547852220989), (364.8472778440074, -41.53651671110745, 16.904730469627985), 0.08099471081759278),
((329.1457204324462, -47.831664536077966, 0.0), (338.0711097853365, -46.25787757983534, -4.226182617406996), 0.08099471081759278),
((338.0711097853365, -46.25787757983534, -4.226182617406996), (346.9964991382268, -44.68409062359271, -8.452365234813993), 0.08099471081759278),
((346.9964991382268, -44.68409062359271, -8.452365234813993), (355.9218884911171, -43.11030366735008, -12.678547852220989), 0.07694497527671314),
((355.9218884911171, -43.11030366735008, -12.678547852220989), (364.8472778440074, -41.53651671110745, -16.904730469627985), 0.07694497527671314),
((270.43489378617636, -59.95397254480562, 0.0), (278.09533821736613, -66.38184864167101, 0.0), 0.15777921478822676),
((278.09533821736613, -66.38184864167101, 0.0), (285.7557826485559, -72.8097247385364, 0.0), 0.15777921478822676),
((285.7557826485559, -72.8097247385364, 0.0), (293.9473030914458, -78.54548910204687, 0.0), 0.14239574134637464),
((293.9473030914458, -78.54548910204687, 0.0), (302.1388235343357, -84.28125346555734, 0.0), 0.14239574134637464),
((302.1388235343357, -84.28125346555734, 0.0), (310.3303439772256, -90.01701782906781, 0.0), 0.1352759542790559),
((310.3303439772256, -90.01701782906781, 0.0), (318.5218644201155, -95.75278219257828, 0.0), 0.1352759542790559),
((318.5218644201155, -95.75278219257828, 0.0), (328.48381140103294, -96.62433962005487, 0.0), 0.08974483193085074),
((328.48381140103294, -96.62433962005487, 0.0), (338.4457583819504, -97.49589704753146, 0.0), 0.08974483193085074),
((338.4457583819504, -97.49589704753146, 0.0), (348.40770536286783, -98.36745447500805, 0.0), 0.0852575903343082),
((348.40770536286783, -98.36745447500805, 0.0), (358.3696523437853, -99.23901190248463, 0.0), 0.0852575903343082),
((318.5218644201155, -95.75278219257828, 0.0), (323.5218644201155, -104.41303623042268, 0.0), 0.08974483193085074),
((323.5218644201155, -104.41303623042268, 0.0), (328.5218644201155, -113.07329026826707, 0.0), 0.08974483193085074),
((328.5218644201155, -113.07329026826707, 0.0), (333.5218644201155, -121.73354430611147, 0.0), 0.0852575903343082),
((333.5218644201155, -121.73354430611147, 0.0), (338.5218644201155, -130.39379834395586, 0.0), 0.0852575903343082),
((318.5218644201155, -95.75278219257828, 0.0), (325.9459031851765, -100.95115009983513, 4.226182617406996), 0.0852575903343082),
((325.9459031851765, -100.95115009983513, 4.226182617406996), (333.36994195023755, -106.14951800709198, 8.452365234813993), 0.0852575903343082),
((333.36994195023755, -106.14951800709198, 8.452365234813993), (340.7939807152986, -111.34788591434884, 12.678547852220989), 0.08099471081759278),
((340.7939807152986, -111.34788591434884, 12.678547852220989), (348.2180194803596, -116.54625382160569, 16.904730469627985), 0.08099471081759278),
((318.5218644201155, -95.75278219257828, 0.0), (325.9459031851765, -100.95115009983513, -4.226182617406996), 0.08099471081759278),
((325.9459031851765, -100.95115009983513, -4.226182617406996), (333.36994195023755, -106.14951800709198, -8.452365234813993), 0.08099471081759278),
((333.36994195023755, -106.14951800709198, -8.452365234813993), (340.7939807152986, -111.34788591434884, -12.678547852220989), 0.07694497527671314),
((340.7939807152986, -111.34788591434884, -12.678547852220989), (348.2180194803596, -116.54625382160569, -16.904730469627985), 0.07694497527671314),
((270.43489378617636, -59.95397254480562, 0.0), (279.1891547668323, -62.29966970490367, 4.226182617406996), 0.14989025404881542),
((279.1891547668323, -62.29966970490367, 4.226182617406996), (287.94341574748825, -64.64536686500172, 8.452365234813993), 0.14989025404881542),
((287.94341574748825, -64.64536686500172, 8.452365234813993), (297.0201494593919, -67.07747033301865, 11.872566668070682), 0.1352759542790559),
((297.0201494593919, -67.07747033301865, 11.872566668070682), (306.0968831712956, -69.5095738010356, 15.292768101327372), 0.1352759542790559),
((306.0968831712956, -69.5095738010356, 15.292768101327372), (315.17361688319926, -71.94167726905255, 18.71296953458406), 0.1285121565651031),
((315.17361688319926, -71.94167726905255, 18.71296953458406), (324.25035059510293, -74.3737807370695, 22.13317096784075), 0.1285121565651031),
((324.25035059510293, -74.3737807370695, 22.13317096784075), (333.40512779851076, -71.65041499355905, 25.09515229510099), 0.0852575903343082),
((333.40512779851076, -71.65041499355905, 25.09515229510099), (342.5599050019186, -68.92704925004861, 28.05713362236123), 0.0852575903343082),
((342.5599050019186, -68.92704925004861, 28.05713362236123), (351.7146822053264, -66.20368350653817, 31.01911494962147), 0.08099471081759278),
((351.7146822053264, -66.20368350653817, 31.01911494962147), (360.86945940873426, -63.48031776302773, 33.98109627688171), 0.08099471081759278),
((324.25035059510293, -74.3737807370695, 22.13317096784075), (331.3828484895932, -80.66019398577944, 25.2329261600352), 0.0852575903343082),
((331.3828484895932, -80.66019398577944, 25.2329261600352), (338.51534638408344, -86.94660723448939, 28.332681352229645), 0.0852575903343082),
((338.51534638408344, -86.94660723448939, 28.332681352229645), (345.6478442785737, -93.23302048319934, 31.432436544424093), 0.08099471081759278),
((345.6478442785737, -93.23302048319934, 31.432436544424093), (352.78034217306396, -99.51943373190929, 34.53219173661854), 0.08099471081759278),
((324.25035059510293, -74.3737807370695, 22.13317096784075), (331.08047761402514, -76.2039077559917, 29.20423877970623), 0.08099471081759278),
((331.08047761402514, -76.2039077559917, 29.20423877970623), (337.91060463294735, -78.03403477491389, 36.275306591571706), 0.08099471081759278),
((337.91060463294735, -78.03403477491389, 36.275306591571706), (344.74073165186957, -79.86416179383609, 43.34637440343718), 0.07694497527671314),
((344.74073165186957, -79.86416179383609, 43.34637440343718), (351.5708586707918, -81.69428881275829, 50.41744221530266), 0.07694497527671314),
((324.25035059510293, -74.3737807370695, 22.13317096784075), (333.8728524640935, -76.9521223420325, 21.26161354036417), 0.07694497527671314),
((333.8728524640935, -76.9521223420325, 21.26161354036417), (343.4953543330841, -79.5304639469955, 20.39005611288759), 0.07694497527671314),
((343.4953543330841, -79.5304639469955, 20.39005611288759), (353.1178562020747, -82.1088055519585, 19.518498685411007), 0.07309772651287748),
((353.1178562020747, -82.1088055519585, 19.518498685411007), (362.74035807106526, -84.6871471569215, 18.646941257934426), 0.07309772651287748),
((270.43489378617636, -59.95397254480562, 0.0), (279.1891547668323, -62.29966970490367, -4.226182617406996), 0.14239574134637464),
((279.1891547668323, -62.29966970490367, -4.226182617406996), (287.94341574748825, -64.64536686500172, -8.452365234813993), 0.14239574134637464),
((287.94341574748825, -64.64536686500172, -8.452365234813993), (297.0201494593919, -67.07747033301865, -11.872566668070682), 0.1285121565651031),
((297.0201494593919, -67.07747033301865, -11.872566668070682), (306.0968831712956, -69.5095738010356, -15.292768101327372), 0.1285121565651031),
((306.0968831712956, -69.5095738010356, -15.292768101327372), (315.17361688319926, -71.94167726905255, -18.71296953458406), 0.12208654873684793),
((315.17361688319926, -71.94167726905255, -18.71296953458406), (324.25035059510293, -74.3737807370695, -22.13317096784075), 0.12208654873684793),
((324.25035059510293, -74.3737807370695, -22.13317096784075), (333.40512779851076, -71.65041499355905, -25.09515229510099), 0.08099471081759278),
((333.40512779851076, -71.65041499355905, -25.09515229510099), (342.5599050019186, -68.92704925004861, -28.05713362236123), 0.08099471081759278),
((342.5599050019186, -68.92704925004861, -28.05713362236123), (351.7146822053264, -66.20368350653817, -31.01911494962147), 0.07694497527671314),
((351.7146822053264, -66.20368350653817, -31.01911494962147), (360.86945940873426, -63.48031776302773, -33.98109627688171), 0.07694497527671314),
((324.25035059510293, -74.3737807370695, -22.13317096784075), (331.3828484895932, -80.66019398577944, -25.2329261600352), 0.08099471081759278),
((331.3828484895932, -80.66019398577944, -25.2329261600352), (338.51534638408344, -86.94660723448939, -28.332681352229645), 0.08099471081759278),
((338.51534638408344, -86.94660723448939, -28.332681352229645), (345.6478442785737, -93.23302048319934, -31.432436544424093), 0.07694497527671314),
((345.6478442785737, -93.23302048319934, -31.432436544424093), (352.78034217306396, -99.51943373190929, -34.53219173661854), 0.07694497527671314),
((324.25035059510293, -74.3737807370695, -22.13317096784075), (333.8728524640935, -76.9521223420325, -21.26161354036417), 0.07694497527671314),
((333.8728524640935, -76.9521223420325, -21.26161354036417), (343.4953543330841, -79.5304639469955, -20.39005611288759), 0.07694497527671314),
((343.4953543330841, -79.5304639469955, -20.39005611288759), (353.1178562020747, -82.1088055519585, -19.518498685411007), 0.07309772651287748),
((353.1178562020747, -82.1088055519585, -19.518498685411007), (362.74035807106526, -84.6871471569215, -18.646941257934426), 0.07309772651287748),
((324.25035059510293, -74.3737807370695, -22.13317096784075), (331.08047761402514, -76.2039077559917, -29.20423877970623), 0.07309772651287748),
((331.08047761402514, -76.2039077559917, -29.20423877970623), (337.91060463294735, -78.03403477491389, -36.275306591571706), 0.07309772651287748),
((337.91060463294735, -78.03403477491389, -36.275306591571706), (344.74073165186957, -79.86416179383609, -43.34637440343718), 0.0694428401872336),
((344.74073165186957, -79.86416179383609, -43.34637440343718), (351.5708586707918, -81.69428881275829, -50.41744221530266), 0.0694428401872336),
((139.16399200599307, -12.1752716715367, 0.0), (148.22706987635956, -12.1752716715367, 4.2261826174069945), 0.37735360253530714),
((148.22706987635956, -12.1752716715367, 4.2261826174069945), (157.29014774672606, -12.1752716715367, 8.452365234813989), 0.37735360253530714),
((157.29014774672606, -12.1752716715367, 8.452365234813989), (166.35322561709256, -12.1752716715367, 12.678547852220984), 0.35848592240854177),
((166.35322561709256, -12.1752716715367, 12.678547852220984), (175.41630348745906, -12.1752716715367, 16.904730469627978), 0.35848592240854177),
((175.41630348745906, -12.1752716715367, 16.904730469627978), (184.81322969531814, -12.1752716715367, 20.324931902884664), 0.3235335449737089),
((184.81322969531814, -12.1752716715367, 20.324931902884664), (194.21015590317722, -12.1752716715367, 23.74513333614135), 0.3235335449737089),
((194.21015590317722, -12.1752716715367, 23.74513333614135), (203.8694141660679, -12.1752716715367, 26.333323787166556), 0.2919890243387723),
((203.8694141660679, -12.1752716715367, 26.333323787166556), (213.5286724289586, -12.1752716715367, 28.92151423819176), 0.2919890243387723),
((213.5286724289586, -12.1752716715367, 28.92151423819176), (223.1879306918493, -12.1752716715367, 31.509704689216967), 0.27738957312183365),
((223.1879306918493, -12.1752716715367, 31.509704689216967), (232.84718895473998, -12.1752716715367, 34.09789514024217), 0.27738957312183365),
((232.84718895473998, -12.1752716715367, 34.09789514024217), (242.46969082373056, -13.046829099013282, 36.676236745205166), 0.25034408974245487),
((242.46969082373056, -13.046829099013282, 36.676236745205166), (252.09219269272114, -13.918386526489863, 39.25457835016816), 0.25034408974245487),
((252.09219269272114, -13.918386526489863, 39.25457835016816), (261.7146945617117, -14.789943953966445, 41.83291995513115), 0.2378268852553321),
((261.7146945617117, -14.789943953966445, 41.83291995513115), (271.3371964307023, -15.661501381443026, 44.41126156009415), 0.2378268852553321),
((271.3371964307023, -15.661501381443026, 44.41126156009415), (279.7023594680804, -10.661501381443024, 46.65270024051428), 0.14989025404881542),
((279.7023594680804, -10.661501381443024, 46.65270024051428), (288.06752250545844, -5.661501381443022, 48.89413892093441), 0.14989025404881542),
((288.06752250545844, -5.661501381443022, 48.89413892093441), (296.8217834861144, -1.435318764036026, 51.23983608103246), 0.1352759542790559),
((296.8217834861144, -1.435318764036026, 51.23983608103246), (305.5760444667703, 2.79086385337097, 53.585533241130506), 0.1352759542790559),
((305.5760444667703, 2.79086385337097, 53.585533241130506), (309.95317495709827, 4.903955162074468, 54.758381821179526), 0.1285121565651031),
((309.95317495709827, 4.903955162074468, 54.758381821179526), (314.3303054474262, 7.0170464707779665, 55.93123040122855), 0.1285121565651031),
((314.3303054474262, 7.0170464707779665, 55.93123040122855), (317.10046691353784, 11.112806692222927, 56.67349292897697), 0.0852575903343082),
((317.10046691353784, 11.112806692222927, 56.67349292897697), (319.8706283796495, 15.208566913667887, 57.41575545672539), 0.0852575903343082),
((319.8706283796495, 15.208566913667887, 57.41575545672539), (322.6407898457611, 19.30432713511285, 58.158017984473815), 0.08099471081759278),
((322.6407898457611, 19.30432713511285, 58.158017984473815), (325.41095131187274, 23.400087356557812, 58.90028051222224), 0.08099471081759278),
((314.3303054474262, 7.0170464707779665, 55.93123040122855), (319.15993457887157, 7.0170464707779665, 57.22532562674115), 0.0852575903343082),
((319.15993457887157, 7.0170464707779665, 57.22532562674115), (323.98956371031693, 7.0170464707779665, 58.51942085225376), 0.0852575903343082),
((323.98956371031693, 7.0170464707779665, 58.51942085225376), (328.8191928417623, 7.0170464707779665, 59.813516077766366), 0.08099471081759278),
((328.8191928417623, 7.0170464707779665, 59.813516077766366), (333.64882197320765, 7.0170464707779665, 61.10761130327897), 0.08099471081759278),
((314.3303054474262, 7.0170464707779665, 55.93123040122855), (317.7504246209529, 8.932157578575412, 59.03528167072553), 0.08099471081759278),
((317.7504246209529, 8.932157578575412, 59.03528167072553), (321.1705437944796, 10.847268686372857, 62.139332940222516), 0.08099471081759278),
((321.1705437944796, 10.847268686372857, 62.139332940222516), (324.5906629680063, 12.762379794170302, 65.2433842097195), 0.07694497527671314),
((324.5906629680063, 12.762379794170302, 65.2433842097195), (328.010782141533, 14.677490901967747, 68.34743547921647), 0.07694497527671314),
((314.3303054474262, 7.0170464707779665, 55.93123040122855), (318.8442411704191, 8.932157578575412, 54.95310273395818), 0.07694497527671314),
((318.8442411704191, 8.932157578575412, 54.95310273395818), (323.35817689341195, 10.847268686372857, 53.97497506668782), 0.07694497527671314),
((323.35817689341195, 10.847268686372857, 53.97497506668782), (327.8721126164048, 12.762379794170302, 52.996847399417454), 0.07309772651287748),
((327.8721126164048, 12.762379794170302, 52.996847399417454), (332.3860483393977, 14.677490901967747, 52.01871973214709), 0.07309772651287748),
((271.3371964307023, -15.661501381443026, 44.41126156009415), (280.09145741135825, -19.887683998850022, 46.756958720192195), 0.14989025404881542),
((280.09145741135825, -19.887683998850022, 46.756958720192195), (288.8457183920142, -24.113866616257017, 49.10265588029024), 0.14989025404881542),
((288.8457183920142, -24.113866616257017, 49.10265588029024), (297.92245210391786, -27.534068049513706, 51.53475934830718), 0.1352759542790559),
((297.92245210391786, -27.534068049513706, 51.53475934830718), (306.99918581582153, -30.954269482770396, 53.966862816324124), 0.1352759542790559),
((306.99918581582153, -30.954269482770396, 53.966862816324124), (316.0759195277252, -34.374470916027086, 56.398966284341064), 0.1285121565651031),
((316.0759195277252, -34.374470916027086, 56.398966284341064), (325.1526532396289, -37.79467234928377, 58.831069752358005), 0.1285121565651031),
((325.1526532396289, -37.79467234928377, 58.831069752358005), (334.6651656652709, -36.05819057261447, 61.379939774799794), 0.0852575903343082),
((334.6651656652709, -36.05819057261447, 61.379939774799794), (344.1776780909129, -34.32170879594517, 63.928809797241584), 0.0852575903343082),
((344.1776780909129, -34.32170879594517, 63.928809797241584), (353.6901905165549, -32.58522701927587, 66.47767981968337), 0.08099471081759278),
((353.6901905165549, -32.58522701927587, 66.47767981968337), (363.2027029421969, -30.848745242606565, 69.02654984212516), 0.08099471081759278),
((325.1526532396289, -37.79467234928377, 58.831069752358005), (331.9827802585511, -44.86574016114925, 60.661196771280196), 0.0852575903343082),
((331.9827802585511, -44.86574016114925, 60.661196771280196), (338.8129072774733, -51.93680797301472, 62.49132379020239), 0.0852575903343082),
((338.8129072774733, -51.93680797301472, 62.49132379020239), (345.6430342963955, -59.0078757848802, 64.32145080912458), 0.08099471081759278),
((345.6430342963955, -59.0078757848802, 64.32145080912458), (352.4731613153177, -66.07894359674567, 66.15157782804678), 0.08099471081759278),
((325.1526532396289, -37.79467234928377, 58.831069752358005), (332.28515113411913, -40.89442754147822, 65.11748300106795), 0.08099471081759278),
((332.28515113411913, -40.89442754147822, 65.11748300106795), (339.4176490286094, -43.99418273367267, 71.4038962497779), 0.08099471081759278),
((339.4176490286094, -43.99418273367267, 71.4038962497779), (346.55014692309965, -47.093937925867124, 77.69030949848785), 0.07694497527671314),
((346.55014692309965, -47.093937925867124, 77.69030949848785), (353.6826448175899, -50.193693118061574, 83.9767227471978), 0.07694497527671314),
((325.1526532396289, -37.79467234928377, 58.831069752358005), (334.4727842330514, -40.89442754147822, 56.953125127533255), 0.07694497527671314),
((334.4727842330514, -40.89442754147822, 56.953125127533255), (343.79291522647395, -43.99418273367267, 55.075180502708506), 0.07694497527671314),
((343.79291522647395, -43.99418273367267, 55.075180502708506), (353.1130462198965, -47.093937925867124, 53.197235877883756), 0.07309772651287748),
((353.1130462198965, -47.093937925867124, 53.197235877883756), (362.433177213319, -50.193693118061574, 51.319291253059006), 0.07309772651287748),
((271.3371964307023, -15.661501381443026, 44.41126156009415), (278.9976408618921, -15.661501381443026, 50.839137656959544), 0.14239574134637464),
((278.9976408618921, -15.661501381443026, 50.839137656959544), (286.65808529308185, -15.661501381443026, 57.26701375382494), 0.14239574134637464),
((286.65808529308185, -15.661501381443026, 57.26701375382494), (294.84960573597175, -15.661501381443026, 63.0027781173354), 0.1285121565651031),
((294.84960573597175, -15.661501381443026, 63.0027781173354), (303.04112617886165, -15.661501381443026, 68.73854248084587), 0.1285121565651031),
((303.04112617886165, -15.661501381443026, 68.73854248084587), (311.23264662175154, -15.661501381443026, 74.47430684435633), 0.12208654873684793),
((311.23264662175154, -15.661501381443026, 74.47430684435633), (319.42416706464144, -15.661501381443026, 80.2100712078668), 0.12208654873684793),
((319.42416706464144, -15.661501381443026, 80.2100712078668), (326.5182318638037, -10.661501381443024, 85.17738885678835), 0.08099471081759278),
((326.5182318638037, -10.661501381443024, 85.17738885678835), (333.61229666296595, -5.661501381443022, 90.1447065057099), 0.08099471081759278),
((333.61229666296595, -5.661501381443022, 90.1447065057099), (340.7063614621282, -0.6615013814430206, 95.11202415463146), 0.07694497527671314),
((340.7063614621282, -0.6615013814430206, 95.11202415463146), (347.80042626129045, 4.338498618556981, 100.079341803553), 0.07694497527671314),
((319.42416706464144, -15.661501381443026, 80.2100712078668), (326.84820582970247, -19.887683998850022, 85.40843911512366), 0.08099471081759278),
((326.84820582970247, -19.887683998850022, 85.40843911512366), (334.2722445947635, -24.113866616257017, 90.60680702238051), 0.08099471081759278),
((334.2722445947635, -24.113866616257017, 90.60680702238051), (341.6962833598245, -28.34004923366401, 95.80517492963736), 0.07694497527671314),
((341.6962833598245, -28.34004923366401, 95.80517492963736), (349.12032212488555, -32.56623185107101, 101.00354283689421), 0.07694497527671314),
((319.42416706464144, -15.661501381443026, 80.2100712078668), (324.42416706464144, -15.661501381443026, 88.8703252457112), 0.07694497527671314),
((324.42416706464144, -15.661501381443026, 88.8703252457112), (329.42416706464144, -15.661501381443026, 97.5305792835556), 0.07694497527671314),
((329.42416706464144, -15.661501381443026, 97.5305792835556), (334.42416706464144, -15.661501381443026, 106.19083332139999), 0.07309772651287748),
((334.42416706464144, -15.661501381443026, 106.19083332139999), (339.42416706464144, -15.661501381443026, 114.85108735924439), 0.07309772651287748),
((319.42416706464144, -15.661501381443026, 80.2100712078668), (329.27224459476355, -15.661501381443026, 81.94655298453611), 0.07309772651287748),
((329.27224459476355, -15.661501381443026, 81.94655298453611), (339.12032212488566, -15.661501381443026, 83.68303476120542), 0.07309772651287748),
((339.12032212488566, -15.661501381443026, 83.68303476120542), (348.9683996550078, -15.661501381443026, 85.41951653787473), 0.0694428401872336),
((348.9683996550078, -15.661501381443026, 85.41951653787473), (358.8164771851299, -15.661501381443026, 87.15599831454404), 0.0694428401872336),
((271.3371964307023, -15.661501381443026, 44.41126156009415), (281.1852739608244, -15.661501381443026, 42.67477978342484), 0.1352759542790559),
((281.1852739608244, -15.661501381443026, 42.67477978342484), (291.03335149094653, -15.661501381443026, 40.93829800675553), 0.1352759542790559),
((291.03335149094653, -15.661501381443026, 40.93829800675553), (300.995298471864, -15.661501381443026, 40.06674057927895), 0.12208654873684793),
((300.995298471864, -15.661501381443026, 40.06674057927895), (310.9572454527814, -15.661501381443026, 39.19518315180237), 0.12208654873684793),
((310.9572454527814, -15.661501381443026, 39.19518315180237), (320.91919243369887, -15.661501381443026, 38.32362572432579), 0.11598222130000553),
((320.91919243369887, -15.661501381443026, 38.32362572432579), (330.8811394146163, -15.661501381443026, 37.452068296849205), 0.11598222130000553),
((330.8811394146163, -15.661501381443026, 37.452068296849205), (339.50843857124454, -10.661501381443022, 36.69727742379747), 0.07694497527671314),
((339.50843857124454, -10.661501381443022, 36.69727742379747), (348.13573772787277, -5.661501381443019, 35.94248655074574), 0.07694497527671314),
((348.13573772787277, -5.661501381443019, 35.94248655074574), (356.763036884501, -0.6615013814430153, 35.18769567769401), 0.07309772651287748),
((356.763036884501, -0.6615013814430153, 35.18769567769401), (365.3903360411292, 4.338498618556988, 34.43290480464228), 0.07309772651287748),
((330.8811394146163, -15.661501381443026, 37.452068296849205), (339.9097295374681, -19.887683998850022, 36.66216901347755), 0.07694497527671314),
((339.9097295374681, -19.887683998850022, 36.66216901347755), (348.93831966031985, -24.11386661625702, 35.8722697301059), 0.07694497527671314),
((348.93831966031985, -24.11386661625702, 35.8722697301059), (357.9669097831716, -28.34004923366402, 35.082370446734245), 0.07309772651287748),
((357.9669097831716, -28.34004923366402, 35.082370446734245), (366.9954999060234, -32.56623185107102, 34.29247116336259), 0.07309772651287748),
((330.8811394146163, -15.661501381443026, 37.452068296849205), (340.2780656224754, -15.661501381443026, 40.87226973010589), 0.07309772651287748),
((340.2780656224754, -15.661501381443026, 40.87226973010589), (349.67499183033453, -15.661501381443026, 44.29247116336258), 0.07309772651287748),
((349.67499183033453, -15.661501381443026, 44.29247116336258), (359.07191803819364, -15.661501381443026, 47.712672596619264), 0.0694428401872336),
((359.07191803819364, -15.661501381443026, 47.712672596619264), (368.46884424605275, -15.661501381443026, 51.13287402987595), 0.0694428401872336),
((330.8811394146163, -15.661501381443026, 37.452068296849205), (339.5413934524607, -15.661501381443026, 32.452068296849205), 0.0694428401872336),
((339.5413934524607, -15.661501381443026, 32.452068296849205), (348.20164749030505, -15.661501381443026, 27.452068296849205), 0.0694428401872336),
((348.20164749030505, -15.661501381443026, 27.452068296849205), (356.8619015281494, -15.661501381443026, 22.452068296849205), 0.0659706981778719),
((356.8619015281494, -15.661501381443026, 22.452068296849205), (365.5221555659938, -15.661501381443026, 17.452068296849205), 0.0659706981778719),
((139.16399200599307, -12.1752716715367, 0.0), (148.22706987635956, -12.1752716715367, -4.2261826174069945), 0.35848592240854177),
((148.22706987635956, -12.1752716715367, -4.2261826174069945), (157.29014774672606, -12.1752716715367, -8.452365234813989), 0.35848592240854177),
((157.29014774672606, -12.1752716715367, -8.452365234813989), (166.35322561709256, -12.1752716715367, -12.678547852220984), 0.34056162628811465),
((166.35322561709256, -12.1752716715367, -12.678547852220984), (175.41630348745906, -12.1752716715367, -16.904730469627978), 0.34056162628811465),
((175.41630348745906, -12.1752716715367, -16.904730469627978), (184.81322969531814, -12.1752716715367, -20.324931902884664), 0.30735686772502346),
((184.81322969531814, -12.1752716715367, -20.324931902884664), (194.21015590317722, -12.1752716715367, -23.74513333614135), 0.30735686772502346),
((194.21015590317722, -12.1752716715367, -23.74513333614135), (203.8694141660679, -12.1752716715367, -26.333323787166556), 0.27738957312183365),
((203.8694141660679, -12.1752716715367, -26.333323787166556), (213.5286724289586, -12.1752716715367, -28.92151423819176), 0.27738957312183365),
((213.5286724289586, -12.1752716715367, -28.92151423819176), (223.1879306918493, -12.1752716715367, -31.509704689216967), 0.263520094465742),
((223.1879306918493, -12.1752716715367, -31.509704689216967), (232.84718895473998, -12.1752716715367, -34.09789514024217), 0.263520094465742),
((232.84718895473998, -12.1752716715367, -34.09789514024217), (242.46969082373056, -13.046829099013282, -36.676236745205166), 0.2378268852553321),
((242.46969082373056, -13.046829099013282, -36.676236745205166), (252.09219269272114, -13.918386526489863, -39.25457835016816), 0.2378268852553321),
((252.09219269272114, -13.918386526489863, -39.25457835016816), (261.7146945617117, -14.789943953966445, -41.83291995513115), 0.2259355409925655),
((261.7146945617117, -14.789943953966445, -41.83291995513115), (271.3371964307023, -15.661501381443026, -44.41126156009415), 0.2259355409925655),
((271.3371964307023, -15.661501381443026, -44.41126156009415), (279.7023594680804, -10.661501381443024, -46.65270024051428), 0.14239574134637464),
((279.7023594680804, -10.661501381443024, -46.65270024051428), (288.06752250545844, -5.661501381443022, -48.89413892093441), 0.14239574134637464),
((288.06752250545844, -5.661501381443022, -48.89413892093441), (296.8217834861144, -1.435318764036026, -51.23983608103246), 0.1285121565651031),
((296.8217834861144, -1.435318764036026, -51.23983608103246), (305.5760444667703, 2.79086385337097, -53.585533241130506), 0.1285121565651031),
((305.5760444667703, 2.79086385337097, -53.585533241130506), (314.33030544742627, 7.0170464707779665, -55.931230401228554), 0.12208654873684793),
((314.33030544742627, 7.0170464707779665, -55.931230401228554), (323.0845664280822, 11.243229088184963, -58.2769275613266), 0.12208654873684793),
((323.0845664280822, 11.243229088184963, -58.2769275613266), (328.6248893603055, 19.434749531074885, -59.76145261682345), 0.08099471081759278),
((328.6248893603055, 19.434749531074885, -59.76145261682345), (334.16521229252874, 27.626269973964806, -61.24597767232029), 0.08099471081759278),
((334.16521229252874, 27.626269973964806, -61.24597767232029), (339.705535224752, 35.81779041685473, -62.73050272781714), 0.07694497527671314),
((339.705535224752, 35.81779041685473, -62.73050272781714), (345.24585815697526, 44.009310859744645, -64.21502778331399), 0.07694497527671314),
((323.0845664280822, 11.243229088184963, -58.2769275613266), (332.7438246909729, 11.243229088184963, -60.865118012351815), 0.08099471081759278),
((332.7438246909729, 11.243229088184963, -60.865118012351815), (342.40308295386353, 11.243229088184963, -63.45330846337703), 0.08099471081759278),
((342.40308295386353, 11.243229088184963, -63.45330846337703), (352.0623412167542, 11.243229088184963, -66.04149891440224), 0.07694497527671314),
((352.0623412167542, 11.243229088184963, -66.04149891440224), (361.72159947964485, 11.243229088184963, -68.62968936542745), 0.07694497527671314),
((323.0845664280822, 11.243229088184963, -58.2769275613266), (332.11243787406795, 15.073451303779855, -56.32067222678587), 0.07694497527671314),
((332.11243787406795, 15.073451303779855, -56.32067222678587), (341.1403093200537, 18.903673519374745, -54.36441689224513), 0.07694497527671314),
((341.1403093200537, 18.903673519374745, -54.36441689224513), (350.1681807660394, 22.733895734969636, -52.408161557704396), 0.07309772651287748),
((350.1681807660394, 22.733895734969636, -52.408161557704396), (359.19605221202517, 26.564117950564526, -50.45190622316366), 0.07309772651287748),
((323.0845664280822, 11.243229088184963, -58.2769275613266), (329.9248047751356, 15.073451303779855, -64.48503010032057), 0.07309772651287748),
((329.9248047751356, 15.073451303779855, -64.48503010032057), (336.765043122189, 18.903673519374745, -70.69313263931454), 0.07309772651287748),
((336.765043122189, 18.903673519374745, -70.69313263931454), (343.6052814692424, 22.733895734969636, -76.90123517830851), 0.0694428401872336),
((343.6052814692424, 22.733895734969636, -76.90123517830851), (350.4455198162958, 26.564117950564526, -83.10933771730248), 0.0694428401872336),
((271.3371964307023, -15.661501381443026, -44.41126156009415), (280.09145741135825, -19.887683998850022, -46.756958720192195), 0.14239574134637464),
((280.09145741135825, -19.887683998850022, -46.756958720192195), (288.8457183920142, -24.113866616257017, -49.10265588029024), 0.14239574134637464),
((288.8457183920142, -24.113866616257017, -49.10265588029024), (297.92245210391786, -27.534068049513706, -51.53475934830718), 0.1285121565651031),
((297.92245210391786, -27.534068049513706, -51.53475934830718), (306.99918581582153, -30.954269482770396, -53.966862816324124), 0.1285121565651031),
((306.99918581582153, -30.954269482770396, -53.966862816324124), (316.0759195277252, -34.374470916027086, -56.398966284341064), 0.12208654873684793),
((316.0759195277252, -34.374470916027086, -56.398966284341064), (325.1526532396289, -37.79467234928377, -58.831069752358005), 0.12208654873684793),
((325.1526532396289, -37.79467234928377, -58.831069752358005), (334.6651656652709, -36.05819057261447, -61.379939774799794), 0.08099471081759278),
((334.6651656652709, -36.05819057261447, -61.379939774799794), (344.1776780909129, -34.32170879594517, -63.928809797241584), 0.08099471081759278),
((344.1776780909129, -34.32170879594517, -63.928809797241584), (353.6901905165549, -32.58522701927587, -66.47767981968337), 0.07694497527671314),
((353.6901905165549, -32.58522701927587, -66.47767981968337), (363.2027029421969, -30.848745242606565, -69.02654984212516), 0.07694497527671314),
((325.1526532396289, -37.79467234928377, -58.831069752358005), (331.9827802585511, -44.86574016114925, -60.661196771280196), 0.08099471081759278),
((331.9827802585511, -44.86574016114925, -60.661196771280196), (338.8129072774733, -51.93680797301472, -62.49132379020239), 0.08099471081759278),
((338.8129072774733, -51.93680797301472, -62.49132379020239), (345.6430342963955, -59.0078757848802, -64.32145080912458), 0.07694497527671314),
((345.6430342963955, -59.0078757848802, -64.32145080912458), (352.4731613153177, -66.07894359674567, -66.15157782804678), 0.07694497527671314),
((325.1526532396289, -37.79467234928377, -58.831069752358005), (334.4727842330514, -40.89442754147822, -56.953125127533255), 0.07694497527671314),
((334.4727842330514, -40.89442754147822, -56.953125127533255), (343.79291522647395, -43.99418273367267, -55.075180502708506), 0.07694497527671314),
((343.79291522647395, -43.99418273367267, -55.075180502708506), (353.1130462198965, -47.093937925867124, -53.197235877883756), 0.07309772651287748),
((353.1130462198965, -47.093937925867124, -53.197235877883756), (362.433177213319, -50.193693118061574, -51.319291253059006), 0.07309772651287748),
((325.1526532396289, -37.79467234928377, -58.831069752358005), (332.28515113411913, -40.89442754147822, -65.11748300106795), 0.07309772651287748),
((332.28515113411913, -40.89442754147822, -65.11748300106795), (339.4176490286094, -43.99418273367267, -71.4038962497779), 0.07309772651287748),
((339.4176490286094, -43.99418273367267, -71.4038962497779), (346.55014692309965, -47.093937925867124, -77.69030949848785), 0.0694428401872336),
((346.55014692309965, -47.093937925867124, -77.69030949848785), (353.6826448175899, -50.193693118061574, -83.9767227471978), 0.0694428401872336),
((271.3371964307023, -15.661501381443026, -44.41126156009415), (281.1852739608244, -15.661501381443026, -42.67477978342484), 0.1352759542790559),
((281.1852739608244, -15.661501381443026, -42.67477978342484), (291.03335149094653, -15.661501381443026, -40.93829800675553), 0.1352759542790559),
((291.03335149094653, -15.661501381443026, -40.93829800675553), (300.995298471864, -15.661501381443026, -40.06674057927895), 0.12208654873684793),
((300.995298471864, -15.661501381443026, -40.06674057927895), (310.9572454527814, -15.661501381443026, -39.19518315180237), 0.12208654873684793),
((310.9572454527814, -15.661501381443026, -39.19518315180237), (320.91919243369887, -15.661501381443026, -38.32362572432579), 0.11598222130000553),
((320.91919243369887, -15.661501381443026, -38.32362572432579), (330.8811394146163, -15.661501381443026, -37.452068296849205), 0.11598222130000553),
((330.8811394146163, -15.661501381443026, -37.452068296849205), (339.50843857124454, -10.661501381443022, -36.69727742379747), 0.07694497527671314),
((339.50843857124454, -10.661501381443022, -36.69727742379747), (348.13573772787277, -5.661501381443019, -35.94248655074574), 0.07694497527671314),
((348.13573772787277, -5.661501381443019, -35.94248655074574), (356.763036884501, -0.6615013814430153, -35.18769567769401), 0.07309772651287748),
((356.763036884501, -0.6615013814430153, -35.18769567769401), (365.3903360411292, 4.338498618556988, -34.43290480464228), 0.07309772651287748),
((330.8811394146163, -15.661501381443026, -37.452068296849205), (339.9097295374681, -19.887683998850022, -36.66216901347755), 0.07694497527671314),
((339.9097295374681, -19.887683998850022, -36.66216901347755), (348.93831966031985, -24.11386661625702, -35.8722697301059), 0.07694497527671314),
((348.93831966031985, -24.11386661625702, -35.8722697301059), (357.9669097831716, -28.34004923366402, -35.082370446734245), 0.07309772651287748),
((357.9669097831716, -28.34004923366402, -35.082370446734245), (366.9954999060234, -32.56623185107102, -34.29247116336259), 0.07309772651287748),
((330.8811394146163, -15.661501381443026, -37.452068296849205), (339.5413934524607, -15.661501381443026, -32.452068296849205), 0.07309772651287748),
((339.5413934524607, -15.661501381443026, -32.452068296849205), (348.20164749030505, -15.661501381443026, -27.452068296849205), 0.07309772651287748),
((348.20164749030505, -15.661501381443026, -27.452068296849205), (356.8619015281494, -15.661501381443026, -22.452068296849205), 0.0694428401872336),
((356.8619015281494, -15.661501381443026, -22.452068296849205), (365.5221555659938, -15.661501381443026, -17.452068296849205), 0.0694428401872336),
((330.8811394146163, -15.661501381443026, -37.452068296849205), (340.2780656224754, -15.661501381443026, -40.87226973010589), 0.0694428401872336),
((340.2780656224754, -15.661501381443026, -40.87226973010589), (349.67499183033453, -15.661501381443026, -44.29247116336258), 0.0694428401872336),
((349.67499183033453, -15.661501381443026, -44.29247116336258), (359.07191803819364, -15.661501381443026, -47.712672596619264), 0.0659706981778719),
((359.07191803819364, -15.661501381443026, -47.712672596619264), (368.46884424605275, -15.661501381443026, -51.13287402987595), 0.0659706981778719),
((271.3371964307023, -15.661501381443026, -44.41126156009415), (278.9976408618921, -15.661501381443026, -50.839137656959544), 0.1285121565651031),
((278.9976408618921, -15.661501381443026, -50.839137656959544), (286.65808529308185, -15.661501381443026, -57.26701375382494), 0.1285121565651031),
((286.65808529308185, -15.661501381443026, -57.26701375382494), (294.84960573597175, -15.661501381443026, -63.0027781173354), 0.11598222130000553),
((294.84960573597175, -15.661501381443026, -63.0027781173354), (303.04112617886165, -15.661501381443026, -68.73854248084587), 0.11598222130000553),
((303.04112617886165, -15.661501381443026, -68.73854248084587), (311.23264662175154, -15.661501381443026, -74.47430684435633), 0.11018311023500525),
((311.23264662175154, -15.661501381443026, -74.47430684435633), (319.42416706464144, -15.661501381443026, -80.2100712078668), 0.11018311023500525),
((319.42416706464144, -15.661501381443026, -80.2100712078668), (326.5182318638037, -10.661501381443024, -85.17738885678835), 0.07309772651287748),
((326.5182318638037, -10.661501381443024, -85.17738885678835), (333.61229666296595, -5.661501381443022, -90.1447065057099), 0.07309772651287748),
((333.61229666296595, -5.661501381443022, -90.1447065057099), (340.7063614621282, -0.6615013814430206, -95.11202415463146), 0.0694428401872336),
((340.7063614621282, -0.6615013814430206, -95.11202415463146), (347.80042626129045, 4.338498618556981, -100.079341803553), 0.0694428401872336),
((319.42416706464144, -15.661501381443026, -80.2100712078668), (326.84820582970247, -19.887683998850022, -85.40843911512366), 0.07309772651287748),
((326.84820582970247, -19.887683998850022, -85.40843911512366), (334.2722445947635, -24.113866616257017, -90.60680702238051), 0.07309772651287748),
((334.2722445947635, -24.113866616257017, -90.60680702238051), (341.6962833598245, -28.34004923366401, -95.80517492963736), 0.0694428401872336),
((341.6962833598245, -28.34004923366401, -95.80517492963736), (349.12032212488555, -32.56623185107101, -101.00354283689421), 0.0694428401872336),
((319.42416706464144, -15.661501381443026, -80.2100712078668), (329.27224459476355, -15.661501381443026, -81.94655298453611), 0.0694428401872336),
((329.27224459476355, -15.661501381443026, -81.94655298453611), (339.12032212488566, -15.661501381443026, -83.68303476120542), 0.0694428401872336),
((339.12032212488566, -15.661501381443026, -83.68303476120542), (348.9683996550078, -15.661501381443026, -85.41951653787473), 0.0659706981778719),
((348.9683996550078, -15.661501381443026, -85.41951653787473), (358.8164771851299, -15.661501381443026, -87.15599831454404), 0.0659706981778719),
((319.42416706464144, -15.661501381443026, -80.2100712078668), (324.42416706464144, -15.661501381443026, -88.8703252457112), 0.0659706981778719),
((324.42416706464144, -15.661501381443026, -88.8703252457112), (329.42416706464144, -15.661501381443026, -97.5305792835556), 0.0659706981778719),
((329.42416706464144, -15.661501381443026, -97.5305792835556), (334.42416706464144, -15.661501381443026, -106.19083332139999), 0.0626721632689783),
((334.42416706464144, -15.661501381443026, -106.19083332139999), (339.42416706464144, -15.661501381443026, -114.85108735924439), 0.0626721632689783),
]
